           6
 Ener, gradient =   8.0970365964743308E-004   3.7516677429117867E-015
C     0.000000000000    0.000000000000    0.000000000000
O     0.000000000000    0.000000000000    1.196192008102
H     0.000000000000    0.919651648846   -0.602646230593
H     0.000000000000   -0.993048405587   -0.604395569384
O     0.000000000001   -2.397631465524   -1.066352693835
H     0.000000000001   -2.712801846934   -0.148451443596
11
      129.23          135.85          275.10          795.95         1128.65         1259.68         1422.48         1616.35         1829.75         2919.35        3691.12
-0.078008980    -0.000000074     0.289619198    -0.000000000    -0.491956242    -0.000000000    -0.000000000     0.000000000     0.000000000     0.000000000   -0.000000000
 0.000000245    -0.187870324     0.000000005    -0.346513792     0.000000000    -0.487099169     0.165121803     0.217025235     0.031306135     0.229418253    0.002129756
-0.000000121     0.232354635    -0.000000020     0.042081288    -0.000000000    -0.055562472     0.136973411     0.026086288     0.746699030    -0.149406024    0.003034003
 0.127966437     0.000000143    -0.155653123     0.000000000     0.138110857     0.000000000     0.000000000     0.000000000    -0.000000000    -0.000000000    0.000000000
-0.000000893     0.608991948    -0.000000004     0.147832059    -0.000000000     0.228915703     0.026017212     0.042515432    -0.005894838    -0.001010218    0.000164207
-0.000000132     0.260747896    -0.000000022     0.098116987     0.000000000    -0.084012562    -0.236418172     0.220704877    -0.587534730     0.004242449   -0.001332736
-0.350080030    -0.000000463    -0.537834019     0.000000000     0.550133243     0.000000000     0.000000000    -0.000000000    -0.000000000    -0.000000000    0.000000000
 0.000000214    -0.154059286     0.000000002    -0.134818885    -0.000000000     0.267162047     0.306697761     0.003476381    -0.177210301    -0.818344009   -0.001673035
 0.000000187    -0.088028889    -0.000000004    -0.057000690    -0.000000000     0.619891612     0.505396604    -0.069060257    -0.086232956     0.504338389    0.002084179
 0.219108215     0.000000319     0.688671432    -0.000000000     0.660250693     0.000000000     0.000000000    -0.000000000     0.000000000    -0.000000000   -0.000000000
 0.000000154    -0.109799962     0.000000002     0.036849812     0.000000000     0.302127425    -0.646227113    -0.396501387     0.151633167     0.030966992   -0.038096487
-0.000000217     0.192637129    -0.000000007    -0.163938525     0.000000000    -0.318475843     0.243007811    -0.846586032    -0.182756683    -0.003861659   -0.031090635
 0.192694951     0.000000323    -0.206515400     0.000000002    -0.017230218    -0.000000002    -0.000000002     0.000000000     0.000000000     0.000000001    0.000000000
 0.000000479    -0.316637270     0.000000003    -0.033588086     0.000000000     0.096489240    -0.136204094    -0.111473731    -0.008060749    -0.000718746    0.090727312
 0.000000669    -0.446287517     0.000000001    -0.146237922     0.000000000     0.070838151    -0.082221488     0.002392032     0.010806124    -0.000325780   -0.222819398
-0.877407208    -0.000001160     0.292763459    -0.000000001     0.005477583     0.000000000     0.000000001    -0.000000001     0.000000002    -0.000000000   -0.000000000
 0.000000337    -0.252675812     0.000000006     0.838432625    -0.000000000    -0.185030025     0.208782447    -0.081069399    -0.026842193     0.002673650   -0.329698975
 0.000000236    -0.167123272     0.000000002     0.267458747    -0.000000000    -0.057213301     0.048467180    -0.063200654    -0.009705134    -0.000565990    0.911579947
